0 0.424727 0.227183 0.045883 0.048942
0 0.371032 0.352017 0.048115 0.084325
0 0.336062 0.421296 0.035218 0.064153
0 0.061012 0.547950 0.058036 0.042989
0 0.172619 0.573909 0.051091 0.055225
0 0.226687 0.619544 0.040675 0.098214
0 0.310144 0.584656 0.035962 0.066138
0 0.344866 0.520337 0.039931 0.078373
0 0.452257 0.560847 0.031498 0.042989
0 0.354043 0.708664 0.124752 0.083995
0 0.493924 0.905754 0.113343 0.097222
0 0.803199 0.707341 0.124752 0.085317
0 0.820064 0.864087 0.107391 0.124339
0 0.734871 0.939153 0.087302 0.074074
0 0.400422 0.955853 0.072173 0.071098
0 0.567832 0.720238 0.075149 0.099206
0 0.669395 0.675595 0.061508 0.068122
0 0.751736 0.476356 0.086310 0.176257
0 0.796751 0.580026 0.107391 0.105159
0 0.518353 0.653274 0.064484 0.061177
0 0.430804 0.124008 0.071429 0.042989