0 0.063161 0.537946 0.113757 0.109127
0 0.092593 0.646825 0.110450 0.086806
0 0.468915 0.664683 0.075397 0.074405
0 0.298776 0.703373 0.113426 0.077381
0 0.107639 0.910838 0.163029 0.160466
0 0.664021 0.877480 0.091931 0.041171
0 0.657407 0.505704 0.109788 0.100694
0 0.542659 0.524058 0.115741 0.042659
0 0.807705 0.427827 0.116733 0.056548
0 0.925926 0.564608 0.082672 0.054315
0 0.819114 0.691344 0.093915 0.059772
0 0.913029 0.725446 0.141534 0.065972
0 0.874339 0.794767 0.097222 0.105407
0 0.901786 0.889013 0.104497 0.078125