0 0.299769 0.184152 0.078373 0.080605
0 0.389716 0.080729 0.107474 0.059772
0 0.278108 0.328373 0.070106 0.075893
0 0.196594 0.395337 0.072421 0.064484
0 0.039848 0.422123 0.069114 0.096230
0 0.675430 0.713790 0.180886 0.117063
0 0.427414 0.795635 0.199405 0.051091
0 0.942626 0.465154 0.109458 0.076637
0 0.332837 0.515873 0.171627 0.057540
0 0.187169 0.499256 0.111772 0.044147
0 0.516204 0.246900 0.089947 0.044891
0 0.479663 0.370908 0.045304 0.040427
0 0.805225 0.525918 0.053571 0.095982
0 0.622685 0.311632 0.137566 0.083085
0 0.849537 0.332217 0.084656 0.040427
0 0.971230 0.288566 0.057540 0.077133
0 0.396329 0.647321 0.313161 0.081349